1      54.993  59.189  20.889
1      53.010  58.800  18.681
1      51.202  57.378  20.475
1      53.115  57.663  22.495
2      57.091  55.346  30.641
2      54.512  56.023  31.875
2      55.030  54.179  34.099
2      57.544  53.598  32.966
3      49.126  46.175  43.846
3      47.671  44.909  46.141
3      50.054  43.345  46.824
3      51.410  44.665  44.744
4      36.680  42.239  43.036
4      38.823  43.087  41.219
4      40.896  42.163  43.104
4      38.826  41.519  44.883
5      33.453  46.887  33.064
5      32.683  49.171  31.372
5      34.837  48.551  29.411
5      35.620  46.497  31.179
6      40.349  49.349  21.577
6      43.176  48.530  21.901
6      42.459  46.218  23.518
6      39.775  47.059  23.300
7      49.627  43.757  33.650
7      47.865  43.871  31.216
7      45.478  44.141  32.877
7      47.164  44.038  35.135
8      34.449  29.434  13.810
8      32.934  27.083  14.955
8      35.487  25.792  15.740
8      36.872  28.084  14.773
