1      25.974   4.167 -12.757  
1      27.763   3.925 -10.354  
1      26.413   1.411  -9.570   
1      24.744   1.641 -11.860   
2      16.584   0.315 -16.627   
2      17.270  -2.597 -16.664   
2      14.439  -3.336 -17.156   
2      13.828  -0.574 -17.095 
3       5.498 -13.201 -14.171 
3       3.802 -15.642 -13.828 
3       1.380 -14.065 -14.376 
3       3.005 -11.771 -14.681 
4       7.653 -22.679  -5.348 
4       8.483 -19.846  -5.821 
4       5.953 -19.294  -7.306 
4       5.270 -21.991  -6.933 
5      17.889 -20.085  -1.604  
5      20.862 -19.812  -1.822  
5      20.709 -16.878  -1.282  
5      17.893 -17.170  -1.161  
6      23.877  -7.765   0.135  
6      22.019  -5.543  -0.614  
6      19.694  -7.013   0.495  
6      21.472  -9.105   1.237  
7       9.393  -6.707  -6.848  
7      11.572  -6.787  -4.819  
7      11.658  -9.737  -4.912  
7       9.589  -9.624  -6.834  
8      21.525  15.903  -7.480  
8      23.183  14.060  -9.194  
8      22.472  11.731  -7.471  
8      20.944  13.500  -5.870  
