1   26.510   2.597 -11.349  
2   15.607  -1.517 -17.246  
3    3.389 -13.614 -13.851  
4    6.678 -20.848  -6.036  
5   19.378 -18.571  -1.076  
6   21.834  -7.175   0.634  
7   10.274  -8.207  -5.544  
8   21.766  13.748  -7.718 
1  -11.349  26.510   2.597  
2  -17.246  15.607  -1.517  
3  -13.851   3.389 -13.614  
4   -6.036   6.678 -20.848  
5   -1.076  19.378 -18.571  
6    0.634  21.834  -7.175  
7   -5.544  10.274  -8.207  
8   -7.718  21.766  13.748 
1    2.597 -11.349  26.510 
2   -1.517 -17.246  15.607 
3  -13.614 -13.851   3.389 
4  -20.848  -6.036   6.678 
5  -18.571  -1.076  19.378 
6   -7.175   0.634  21.834 
7   -8.207  -5.544  10.274 
8   13.748  -7.718  21.766  
